RESET 0
DIR 01;38;5;187
LINK 01;38;5;109
MULTIHARDLINK 0
FIFO 38;5;187;48;5;237
SOCK 38;5;187;48;5;237
DOOR 38;5;187;48;5;237
BLK 38;5;187;48;5;237
CHR 38;5;187;48;5;237
ORPHAN 38;5;196
MISSING 38;5;196
SETUID 38;5;187;48;5;88
SETGID 38;5;187;48;5;58
CAPABILITY 38;5;187;48;5;237
STICKY_OTHER_WRITABLE 38;5;237;48;5;187
OTHER_WRITABLE 38;5;187;48;5;58
STICKY 38;5;187;48;5;58
EXEC 01;38;5;148
.tar 38;5;208
.tgz 38;5;208
.arc 38;5;208
.arj 38;5;208
.taz 38;5;208
.lha 38;5;208
.lz4 38;5;208
.lzh 38;5;208
.lzma 38;5;208
.tlz 38;5;208
.txz 38;5;208
.tzo 38;5;208
.t7z 38;5;208
.zip 38;5;208
.z 38;5;208
.Z 38;5;208
.dz 38;5;208
.gz 38;5;208
.lrz 38;5;208
.lz 38;5;208
.lzo 38;5;208
.xz 38;5;208
.zst 38;5;208
.tzst 38;5;208
.bz2 38;5;208
.bz 38;5;208
.tbz 38;5;208
.tbz2 38;5;208
.tz 38;5;208
.deb 38;5;208
.rpm 38;5;208
.jar 38;5;208
.war 38;5;208
.ear 38;5;208
.sar 38;5;208
.rar 38;5;208
.alz 38;5;208
.ace 38;5;208
.zoo 38;5;208
.cpio 38;5;208
.7z 38;5;208
.rz 38;5;208
.cab 38;5;208
.wim 38;5;208
.swm 38;5;208
.dwm 38;5;208
.esd 38;5;208
.jpg 38;5;136
.jpeg 38;5;136
.mjpg 38;5;136
.mjpeg 38;5;136
.gif 38;5;136
.bmp 38;5;136
.pbm 38;5;136
.pgm 38;5;136
.ppm 38;5;136
.tga 38;5;136
.xbm 38;5;136
.xpm 38;5;136
.tif 38;5;136
.tiff 38;5;136
.png 38;5;136
.svg 38;5;136
.svgz 38;5;136
.mng 38;5;136
.pcx 38;5;136
.mov 38;5;136
.mpg 38;5;136
.mpeg 38;5;136
.m2v 38;5;136
.mkv 38;5;136
.webm 38;5;136
.webp 38;5;136
.ogm 38;5;136
.mp4 38;5;136
.mp4v 38;5;136
.mpg4 38;5;136
.m4v 38;5;136
.f4v 38;5;136
.fli 38;5;136
.flv 38;5;136
.gl 38;5;136
.dl 38;5;136
.xcf 38;5;136
.xwd 38;5;136
.yuv 38;5;136
.cgm 38;5;136
.emf 38;5;136
.ogv 38;5;136
.ogx 38;5;136
.aac 38;5;148
.au 38;5;148
.flac 38;5;148
.m4a 38;5;148
.mid 38;5;148
.midi 38;5;148
.mka 38;5;148
.mp3 38;5;148
.mpc 38;5;148
.ogg 38;5;148
.ra 38;5;148
.wav 38;5;148
.oga 38;5;148
.opus 38;5;148
.spx 38;5;148
.xspf 38;5;148
